{
 "cells": [
  {
   "cell_type": "code",
   "execution_count": 2,
   "id": "5c356413-665f-4d8d-b3e9-6128452e1caa",
   "metadata": {
    "collapsed": true,
    "jupyter": {
     "outputs_hidden": true
    },
    "tags": []
   },
   "outputs": [
    {
     "name": "stdout",
     "output_type": "stream",
     "text": [
      "Processing: Frame: 0\n",
      ".... failed!\n",
      "Processing: Frame: 1\n",
      "412\n",
      "[998.0, 38.0]\n",
      "Matches: 281 Inliers: 55.16014234875445 %, Current pose:\n",
      "   0.9999974   -0.0009507    0.0020530   -0.0019343 \n",
      "   0.0009527    0.9999991   -0.0009711    0.0007011 \n",
      "  -0.0020521    0.0009730    0.9999974    1.3557623 \n",
      "   0.0000000    0.0000000    0.0000000    1.0000000 \n",
      "Processing: Frame: 2\n",
      "420\n",
      "[983.0, 238.0]\n",
      "Matches: 279 Inliers: 58.064516129032256 %, Current pose:\n",
      "   0.9999899   -0.0009850    0.0043873   -0.0042179 \n",
      "   0.0009990    0.9999944   -0.0031866   -0.0030875 \n",
      "  -0.0043841    0.0031909    0.9999853    2.7224062 \n",
      "  -0.0000000    0.0000000    0.0000000    1.0000000 \n",
      "Processing: Frame: 3\n",
      "383\n",
      "[1026.0, 185.0]\n",
      "Matches: 294 Inliers: 55.78231292517007 %, Current pose:\n",
      "   0.9999772   -0.0006713    0.0067187    0.0027070 \n",
      "   0.0007006    0.9999903   -0.0043500   -0.0028913 \n",
      "  -0.0067157    0.0043546    0.9999680    4.0931759 \n",
      "  -0.0000000   -0.0000000   -0.0000000    1.0000000 \n",
      "Processing: Frame: 4\n",
      "399\n",
      "[993.0, 244.0]\n",
      "Matches: 290 Inliers: 65.17241379310344 %, Current pose:\n",
      "   0.9999563   -0.0003842    0.0093396    0.0091512 \n",
      "   0.0004183    0.9999932   -0.0036566   -0.0074672 \n",
      "  -0.0093381    0.0036604    0.9999497    5.4349484 \n",
      "  -0.0000000   -0.0000000   -0.0000000    1.0000000 \n",
      "Processing: Frame: 5\n",
      "380\n",
      "[1052.0, 267.0]\n",
      "Matches: 296 Inliers: 58.108108108108105 %, Current pose:\n",
      "   0.9999249   -0.0008780    0.0122272    0.0170352 \n",
      "   0.0008949    0.9999987   -0.0013734   -0.0130927 \n",
      "  -0.0122260    0.0013842    0.9999243    6.7749413 \n",
      "  -0.0000000    0.0000000   -0.0000000    1.0000000 \n",
      "Processing: Frame: 6\n",
      "397\n",
      "[1024.0, 85.0]\n",
      "Matches: 283 Inliers: 55.830388692579504 %, Current pose:\n",
      "   0.9998821    0.0001078    0.0153564    0.0246559 \n",
      "  -0.0000900    0.9999993   -0.0011554   -0.0156844 \n",
      "  -0.0153565    0.0011539    0.9998814    8.0823125 \n",
      "  -0.0000000    0.0000000    0.0000000    1.0000000 \n",
      "Processing: Frame: 7\n",
      "395\n",
      "[1026.0, 253.0]\n",
      "Matches: 281 Inliers: 60.1423487544484 %, Current pose:\n",
      "   0.9998268    0.0011849    0.0185721    0.0418411 \n",
      "  -0.0011366    0.9999960   -0.0026075   -0.0205263 \n",
      "  -0.0185751    0.0025859    0.9998241    9.3980611 \n",
      "  -0.0000000    0.0000000    0.0000000    1.0000000 \n",
      "Processing: Frame: 8\n",
      "372\n",
      "[1075.0, 231.0]\n",
      "Matches: 283 Inliers: 57.95053003533569 %, Current pose:\n",
      "   0.9997717    0.0023314    0.0212395    0.0642433 \n",
      "  -0.0022523    0.9999904   -0.0037474   -0.0298033 \n",
      "  -0.0212481    0.0036987    0.9997674   10.6793568 \n",
      "  -0.0000000    0.0000000    0.0000000    1.0000000 \n",
      "Processing: Frame: 9\n",
      "409\n",
      "[1009.0, 223.0]\n",
      "Matches: 293 Inliers: 58.3617747440273 %, Current pose:\n",
      "   0.9996855    0.0042851    0.0247090    0.0902780 \n",
      "  -0.0042267    0.9999882   -0.0024134   -0.0274592 \n",
      "  -0.0247191    0.0023082    0.9996918   12.0049950 \n",
      "  -0.0000000    0.0000000    0.0000000    1.0000000 \n",
      "Processing: Frame: 10\n",
      "368\n",
      "[1079.0, 233.0]\n",
      "Matches: 286 Inliers: 65.03496503496504 %, Current pose:\n",
      "   0.9995748    0.0044446    0.0288187    0.1232836 \n",
      "  -0.0044561    0.9999900    0.0003375   -0.0302359 \n",
      "  -0.0288169   -0.0004658    0.9995846   13.3091282 \n",
      "  -0.0000000   -0.0000000    0.0000000    1.0000000 \n",
      "Processing: Frame: 11\n",
      "376\n",
      "[1087.0, 197.0]\n",
      "Matches: 295 Inliers: 54.57627118644068 %, Current pose:\n",
      "   0.9994471    0.0045762    0.0329316    0.1586010 \n",
      "  -0.0046574    0.9999863    0.0023880   -0.0336798 \n",
      "  -0.0329203   -0.0025400    0.9994548   14.6064554 \n",
      "  -0.0000000   -0.0000000   -0.0000000    1.0000000 \n",
      "Processing: Frame: 12\n",
      "369\n",
      "[1136.0, 206.0]\n",
      "Matches: 278 Inliers: 56.83453237410072 %, Current pose:\n",
      "   0.9993153    0.0042920    0.0367496    0.2000052 \n",
      "  -0.0043400    0.9999898    0.0012275   -0.0305296 \n",
      "  -0.0367439   -0.0013862    0.9993238   15.8849008 \n",
      "  -0.0000000   -0.0000000   -0.0000000    1.0000000 \n",
      "Processing: Frame: 13\n",
      "416\n",
      "[965.0, 285.0]\n",
      "Matches: 296 Inliers: 56.08108108108108 %, Current pose:\n",
      "   0.9991642    0.0028325    0.0407794    0.2465922 \n",
      "  -0.0028296    0.9999960   -0.0001301   -0.0330060 \n",
      "  -0.0407796    0.0000146    0.9991682   17.1307417 \n",
      "  -0.0000000   -0.0000000   -0.0000000    1.0000000 \n",
      "Processing: Frame: 14\n",
      "390\n",
      "[1052.0, 263.0]\n",
      "Matches: 287 Inliers: 62.02090592334495 %, Current pose:\n",
      "   0.9990094    0.0026434    0.0444208    0.3009220 \n",
      "  -0.0026349    0.9999965   -0.0002499   -0.0385644 \n",
      "  -0.0444213    0.0001326    0.9990129   18.3838080 \n",
      "  -0.0000000   -0.0000000   -0.0000000    1.0000000 \n",
      "Processing: Frame: 15\n",
      "397\n",
      "[1011.0, 190.0]\n",
      "Matches: 260 Inliers: 60.76923076923077 %, Current pose:\n",
      "   0.9988533    0.0033403    0.0477586    0.3541857 \n",
      "  -0.0033472    0.9999944    0.0000644   -0.0503261 \n",
      "  -0.0477581   -0.0002242    0.9988589   19.6226295 \n",
      "  -0.0000000   -0.0000000   -0.0000000    1.0000000 \n",
      "Processing: Frame: 16\n",
      "388\n",
      "[1054.0, 280.0]\n",
      "Matches: 259 Inliers: 61.003861003861005 %, Current pose:\n",
      "   0.9986725    0.0037417    0.0513730    0.4056214 \n",
      "  -0.0037148    0.9999929   -0.0006189   -0.0539329 \n",
      "  -0.0513750    0.0004272    0.9986793   20.8710825 \n",
      "  -0.0000000   -0.0000000   -0.0000000    1.0000000 \n",
      "Processing: Frame: 17\n",
      "416\n",
      "[1036.0, 192.0]\n",
      "Matches: 286 Inliers: 55.59440559440559 %, Current pose:\n",
      "   0.9985002    0.0054262    0.0544779    0.4637452 \n",
      "  -0.0053367    0.9999842   -0.0017871   -0.0533792 \n",
      "  -0.0544868    0.0014937    0.9985134   22.0983573 \n",
      "  -0.0000000   -0.0000000   -0.0000000    1.0000000 \n",
      "Processing: Frame: 18\n",
      "391\n",
      "[1049.0, 139.0]\n",
      "Matches: 276 Inliers: 58.333333333333336 %, Current pose:\n",
      "   0.9983299    0.0059804    0.0574593    0.5259042 \n",
      "  -0.0058900    0.9999811   -0.0017429   -0.0568224 \n",
      "  -0.0574686    0.0014016    0.9983463   23.3307935 \n",
      "  -0.0000000   -0.0000000   -0.0000000    1.0000000 \n",
      "Processing: Frame: 19\n",
      "416\n",
      "[1005.0, 110.0]\n",
      "Matches: 268 Inliers: 61.19402985074627 %, Current pose:\n",
      "   0.9981630    0.0079419    0.0600627    0.5929566 \n",
      "  -0.0079100    0.9999684   -0.0007684   -0.0527012 \n",
      "  -0.0600669    0.0002919    0.9981943   24.5640443 \n",
      "  -0.0000000   -0.0000000   -0.0000000    1.0000000 \n",
      "Processing: Frame: 20\n",
      "381\n",
      "[1028.0, 253.0]\n",
      "Matches: 277 Inliers: 59.56678700361011 %, Current pose:\n",
      "   0.9980045    0.0078762    0.0626492    0.6672811 \n",
      "  -0.0079003    0.9999688    0.0001376   -0.0493868 \n",
      "  -0.0626461   -0.0006322    0.9980356   25.7939671 \n",
      "  -0.0000000   -0.0000000   -0.0000000    1.0000000 \n",
      "Processing: Frame: 21\n",
      "371\n",
      "[1077.0, 192.0]\n",
      "Matches: 295 Inliers: 60.0 %, Current pose:\n",
      "   0.9978476    0.0079603    0.0650904    0.7416063 \n",
      "  -0.0079866    0.9999681    0.0001443   -0.0546161 \n",
      "  -0.0650872   -0.0006639    0.9978794   27.0111394 \n",
      "  -0.0000000   -0.0000000   -0.0000000    1.0000000 \n",
      "Processing: Frame: 22\n",
      "409\n",
      "[978.0, 254.0]\n",
      "Matches: 289 Inliers: 62.28373702422145 %, Current pose:\n",
      "   0.9976686    0.0081525    0.0677559    0.8220536 \n",
      "  -0.0081714    0.9999666    0.0000009   -0.0487356 \n",
      "  -0.0677536   -0.0005546    0.9977019   28.2365222 \n",
      "  -0.0000000   -0.0000000   -0.0000000    1.0000000 \n",
      "Processing: Frame: 23\n",
      "395\n",
      "[987.0, 305.0]\n",
      "Matches: 275 Inliers: 60.72727272727273 %, Current pose:\n",
      "   0.9974901    0.0089935    0.0702320    0.9019693 \n",
      "  -0.0089768    0.9999596   -0.0005543   -0.0481663 \n",
      "  -0.0702341   -0.0000775    0.9975305   29.4590738 \n",
      "  -0.0000000   -0.0000000   -0.0000000    1.0000000 \n",
      "Processing: Frame: 24\n",
      "433\n",
      "[927.0, 276.0]\n",
      "Matches: 272 Inliers: 62.86764705882353 %, Current pose:\n",
      "   0.9973097    0.0082242    0.0728400    0.9883372 \n",
      "  -0.0082249    0.9999661   -0.0002906   -0.0434897 \n",
      "  -0.0728400   -0.0003093    0.9973436   30.6943019 \n",
      "   0.0000000   -0.0000000   -0.0000000    1.0000000 \n",
      "Processing: Frame: 25\n",
      "371\n",
      "[1075.0, 48.0]\n",
      "Matches: 278 Inliers: 62.94964028776978 %, Current pose:\n",
      "   0.9971502    0.0070516    0.0751123    1.0795628 \n",
      "  -0.0071658    0.9999735    0.0012507   -0.0434337 \n",
      "  -0.0751015   -0.0017854    0.9971743   31.8979652 \n",
      "   0.0000000   -0.0000000   -0.0000000    1.0000000 \n",
      "Processing: Frame: 26\n",
      "409\n",
      "[999.0, 289.0]\n",
      "Matches: 281 Inliers: 60.854092526690394 %, Current pose:\n",
      "   0.9969804    0.0053663    0.0774683    1.1736214 \n",
      "  -0.0056160    0.9999797    0.0030059   -0.0339210 \n",
      "  -0.0774506   -0.0034319    0.9969903   33.1148521 \n",
      "   0.0000000    0.0000000   -0.0000000    1.0000000 \n",
      "Processing: Frame: 27\n",
      "389\n",
      "[986.0, 95.0]\n",
      "Matches: 284 Inliers: 63.028169014084504 %, Current pose:\n",
      "   0.9967898    0.0034347    0.0799888    1.2640927 \n",
      "  -0.0037241    0.9999870    0.0034689   -0.0343531 \n",
      "  -0.0799759   -0.0037557    0.9967897   34.3006125 \n",
      "   0.0000000    0.0000000   -0.0000000    1.0000000 \n",
      "Processing: Frame: 28\n",
      "395\n",
      "[982.0, 254.0]\n",
      "Matches: 288 Inliers: 61.458333333333336 %, Current pose:\n",
      "   0.9966059    0.0035224    0.0822452    1.3637305 \n",
      "  -0.0037554    0.9999894    0.0026794   -0.0212500 \n",
      "  -0.0822348   -0.0029792    0.9966085   35.5036815 \n",
      "   0.0000000    0.0000000   -0.0000000    1.0000000 \n",
      "Processing: Frame: 29\n",
      "365\n",
      "[1055.0, 235.0]\n",
      "Matches: 272 Inliers: 62.5 %, Current pose:\n",
      "   0.9963827    0.0016233    0.0849642    1.4592074 \n",
      "  -0.0018361    0.9999954    0.0024264   -0.0235694 \n",
      "  -0.0849599   -0.0025736    0.9963810   36.6830258 \n",
      "   0.0000000    0.0000000   -0.0000000    1.0000000 \n",
      "Processing: Frame: 30\n",
      "415\n",
      "[958.0, 151.0]\n",
      "Matches: 267 Inliers: 57.30337078651685 %, Current pose:\n",
      "   0.9961797    0.0016268    0.0873123    1.5548055 \n",
      "  -0.0019083    0.9999932    0.0031411   -0.0204608 \n",
      "  -0.0873066   -0.0032957    0.9961760   37.8605883 \n",
      "   0.0000000    0.0000000   -0.0000000    1.0000000 \n",
      "Processing: Frame: 31\n",
      "435\n",
      "[937.0, 219.0]\n",
      "Matches: 276 Inliers: 62.68115942028985 %, Current pose:\n",
      "   0.9959964    0.0000964    0.0893936    1.6549969 \n",
      "  -0.0004235    0.9999933    0.0036402   -0.0224974 \n",
      "  -0.0893926   -0.0036635    0.9959897   39.0477133 \n",
      "   0.0000000    0.0000000   -0.0000000    1.0000000 \n",
      "Processing: Frame: 32\n",
      "456\n",
      "[919.0, 220.0]\n",
      "Matches: 291 Inliers: 63.23024054982818 %, Current pose:\n",
      "   0.9957970   -0.0015324    0.0915746    1.7588568 \n",
      "   0.0012230    0.9999934    0.0034352   -0.0170474 \n",
      "  -0.0915793   -0.0033087    0.9957923   40.2221925 \n",
      "   0.0000000    0.0000000   -0.0000000    1.0000000 \n",
      "Processing: Frame: 33\n",
      "406\n",
      "[963.0, 192.0]\n",
      "Matches: 303 Inliers: 66.33663366336634 %, Current pose:\n",
      "   0.9956132   -0.0029706    0.0935174    1.8695766 \n",
      "   0.0027077    0.9999920    0.0029389   -0.0166171 \n",
      "  -0.0935253   -0.0026728    0.9956133   41.3908956 \n",
      "   0.0000000    0.0000000   -0.0000000    1.0000000 \n",
      "Processing: Frame: 34\n",
      "429\n",
      "[956.0, 230.0]\n",
      "Matches: 278 Inliers: 64.38848920863309 %, Current pose:\n",
      "   0.9953923   -0.0040407    0.0958014    1.9766165 \n",
      "   0.0037581    0.9999880    0.0031308   -0.0109641 \n",
      "  -0.0958129   -0.0027564    0.9953955   42.5493758 \n",
      "   0.0000000    0.0000000   -0.0000000    1.0000000 \n",
      "Processing: Frame: 35\n",
      "438\n",
      "[959.0, 230.0]\n",
      "Matches: 281 Inliers: 67.25978647686833 %, Current pose:\n",
      "   0.9951666   -0.0040401    0.0981183    2.0841378 \n",
      "   0.0037445    0.9999879    0.0031962   -0.0058522 \n",
      "  -0.0981301   -0.0028133    0.9951696   43.7062198 \n",
      "   0.0000000    0.0000000   -0.0000000    1.0000000 \n",
      "Processing: Frame: 36\n",
      "430\n",
      "[1006.0, 113.0]\n",
      "Matches: 298 Inliers: 62.080536912751676 %, Current pose:\n",
      "   0.9949150   -0.0052207    0.1005827    2.1971597 \n",
      "   0.0048551    0.9999807    0.0038793   -0.0058612 \n",
      "  -0.1006010   -0.0033712    0.9949211   44.8636678 \n",
      "   0.0000000    0.0000000   -0.0000000    1.0000000 \n",
      "Processing: Frame: 37\n",
      "452\n",
      "[958.0, 91.0]\n",
      "Matches: 277 Inliers: 60.288808664259925 %, Current pose:\n",
      "   0.9946638   -0.0072350    0.1029151    2.3183055 \n",
      "   0.0068983    0.9999696    0.0036269    0.0011771 \n",
      "  -0.1029382   -0.0028976    0.9946835   46.0227602 \n",
      "   0.0000000    0.0000000   -0.0000000    1.0000000 \n",
      "Processing: Frame: 38\n",
      "417\n",
      "[1035.0, 128.0]\n",
      "Matches: 276 Inliers: 59.05797101449275 %, Current pose:\n",
      "   0.9944090   -0.0083655    0.1052650    2.4346850 \n",
      "   0.0079901    0.9999601    0.0039875    0.0006890 \n",
      "  -0.1052942   -0.0031241    0.9944362   47.1745310 \n",
      "   0.0000000    0.0000000   -0.0000000    1.0000000 \n",
      "Processing: Frame: 39\n",
      "431\n",
      "[1000.0, 118.0]\n",
      "Matches: 296 Inliers: 59.7972972972973 %, Current pose:\n",
      "   0.9941519   -0.0101049    0.1075169    2.5635065 \n",
      "   0.0097999    0.9999463    0.0033652    0.0056490 \n",
      "  -0.1075451   -0.0022919    0.9941976   48.3429933 \n",
      "   0.0000000    0.0000000   -0.0000000    1.0000000 \n",
      "Processing: Frame: 40\n",
      "436\n",
      "[994.0, 181.0]\n",
      "Matches: 283 Inliers: 59.71731448763251 %, Current pose:\n",
      "   0.9939401   -0.0113983    0.1093308    2.6963411 \n",
      "   0.0111413    0.9999335    0.0029614    0.0114121 \n",
      "  -0.1093573   -0.0017254    0.9940010   49.4854074 \n",
      "   0.0000000   -0.0000000   -0.0000000    1.0000000 \n",
      "Processing: Frame: 41\n",
      "457\n",
      "[936.0, 286.0]\n",
      "Matches: 285 Inliers: 62.80701754385965 %, Current pose:\n",
      "   0.9936891   -0.0117439    0.1115531    2.8325970 \n",
      "   0.0114581    0.9999292    0.0032023    0.0227150 \n",
      "  -0.1115829   -0.0019039    0.9937533   50.6537110 \n",
      "   0.0000000    0.0000000   -0.0000000    1.0000000 \n",
      "Processing: Frame: 42\n",
      "469\n",
      "[937.0, 137.0]\n",
      "Matches: 291 Inliers: 64.94845360824742 %, Current pose:\n",
      "   0.9934150   -0.0114905    0.1139938    2.9616847 \n",
      "   0.0111954    0.9999321    0.0032290    0.0325985 \n",
      "  -0.1140232   -0.0019315    0.9934762   51.7967657 \n",
      "   0.0000000    0.0000000   -0.0000000    1.0000000 \n",
      "Processing: Frame: 43\n",
      "447\n",
      "[950.0, 264.0]\n",
      "Matches: 290 Inliers: 60.0 %, Current pose:\n",
      "   0.9931336   -0.0111304    0.1164548    3.0850896 \n",
      "   0.0108763    0.9999369    0.0028176    0.0298556 \n",
      "  -0.1164789   -0.0015317    0.9931920   52.9254322 \n",
      "   0.0000000   -0.0000000   -0.0000000    1.0000000 \n",
      "Processing: Frame: 44\n",
      "458\n",
      "[947.0, 240.0]\n",
      "Matches: 278 Inliers: 60.79136690647482 %, Current pose:\n",
      "   0.9928452   -0.0117050    0.1188334    3.2183801 \n",
      "   0.0114414    0.9999303    0.0029003    0.0340915 \n",
      "  -0.1188591   -0.0015199    0.9929100   54.0632863 \n",
      "   0.0000000   -0.0000000   -0.0000000    1.0000000 \n",
      "Processing: Frame: 45\n",
      "478\n",
      "[918.0, 70.0]\n",
      "Matches: 286 Inliers: 60.83916083916084 %, Current pose:\n",
      "   0.9925314   -0.0123876    0.1213588    3.3521631 \n",
      "   0.0121026    0.9999220    0.0030847    0.0436081 \n",
      "  -0.1213875   -0.0015929    0.9926039   55.1911728 \n",
      "   0.0000000   -0.0000000   -0.0000000    1.0000000 \n",
      "Processing: Frame: 46\n",
      "457\n",
      "[919.0, 180.0]\n",
      "Matches: 291 Inliers: 63.57388316151203 %, Current pose:\n",
      "   0.9922251   -0.0112479    0.1239472    3.4841076 \n",
      "   0.0109329    0.9999350    0.0032214    0.0475316 \n",
      "  -0.1239754   -0.0018413    0.9922836   56.3062860 \n",
      "   0.0000000    0.0000000   -0.0000000    1.0000000 \n",
      "Processing: Frame: 47\n",
      "471\n",
      "[945.0, 185.0]\n",
      "Matches: 296 Inliers: 64.52702702702703 %, Current pose:\n",
      "   0.9919329   -0.0102210    0.1263517    3.6178689 \n",
      "   0.0099469    0.9999466    0.0027998    0.0477729 \n",
      "  -0.1263736   -0.0015204    0.9919816   57.4167897 \n",
      "   0.0000000   -0.0000000   -0.0000000    1.0000000 \n",
      "Processing: Frame: 48\n",
      "476\n",
      "[915.0, 298.0]\n",
      "Matches: 302 Inliers: 66.55629139072848 %, Current pose:\n",
      "   0.9916426   -0.0089856    0.1287023    3.7566028 \n",
      "   0.0087592    0.9999589    0.0023249    0.0476320 \n",
      "  -0.1287179   -0.0011781    0.9916805   58.5237878 \n",
      "   0.0000000   -0.0000000   -0.0000000    1.0000000 \n",
      "Processing: Frame: 49\n",
      "476\n",
      "[905.0, 190.0]\n",
      "Matches: 305 Inliers: 61.967213114754095 %, Current pose:\n",
      "   0.9913644   -0.0071305    0.1309423    3.8974109 \n",
      "   0.0070974    0.9999746    0.0007194    0.0473970 \n",
      "  -0.1309441    0.0002161    0.9913897   59.6286598 \n",
      "   0.0000000   -0.0000000   -0.0000000    1.0000000 \n",
      "Processing: Frame: 50\n",
      "486\n",
      "[914.0, 170.0]\n",
      "Matches: 285 Inliers: 63.85964912280702 %, Current pose:\n",
      "   0.9911364   -0.0058933    0.1327176    4.0360096 \n",
      "   0.0060498    0.9999814   -0.0007759    0.0442111 \n",
      "  -0.1327106    0.0015719    0.9911536   60.7159002 \n",
      "   0.0000000   -0.0000000   -0.0000000    1.0000000 \n",
      "Processing: Frame: 51\n",
      "477\n",
      "[924.0, 172.0]\n",
      "Matches: 304 Inliers: 63.1578947368421 %, Current pose:\n",
      "   0.9908692   -0.0066844    0.1346612    4.1746112 \n",
      "   0.0068899    0.9999757   -0.0010601    0.0422720 \n",
      "  -0.1346508    0.0019782    0.9908911   61.7917034 \n",
      "   0.0000000   -0.0000000   -0.0000000    1.0000000 \n",
      "Processing: Frame: 52\n",
      "453\n",
      "[955.0, 194.0]\n",
      "Matches: 289 Inliers: 62.9757785467128 %, Current pose:\n",
      "   0.9907285   -0.0042868    0.1357891    4.3134987 \n",
      "   0.0045848    0.9999877   -0.0018816    0.0439012 \n",
      "  -0.1357794    0.0024867    0.9907360   62.8839908 \n",
      "   0.0000000   -0.0000000   -0.0000000    1.0000000 \n",
      "Processing: Frame: 53\n",
      "462\n",
      "[942.0, 198.0]\n",
      "Matches: 304 Inliers: 58.88157894736842 %, Current pose:\n",
      "   0.9905468   -0.0054805    0.1370656    4.4609718 \n",
      "   0.0057175    0.9999828   -0.0013357    0.0422543 \n",
      "  -0.1370559    0.0021068    0.9905611   63.9618106 \n",
      "   0.0000000   -0.0000000   -0.0000000    1.0000000 \n",
      "Processing: Frame: 54\n",
      "462\n",
      "[934.0, 312.0]\n",
      "Matches: 300 Inliers: 58.333333333333336 %, Current pose:\n",
      "   0.9904140   -0.0059521    0.1380024    4.6001465 \n",
      "   0.0058641    0.9999823    0.0010441    0.0434872 \n",
      "  -0.1380061   -0.0002248    0.9904313   65.0186707 \n",
      "   0.0000000   -0.0000000   -0.0000000    1.0000000 \n",
      "Processing: Frame: 55\n",
      "444\n",
      "[980.0, 63.0]\n",
      "Matches: 311 Inliers: 64.95176848874598 %, Current pose:\n",
      "   0.9902336   -0.0058276    0.1392964    4.7477176 \n",
      "   0.0055575    0.9999818    0.0023277    0.0464031 \n",
      "  -0.1393074   -0.0015308    0.9902480   66.0791803 \n",
      "   0.0000000   -0.0000000   -0.0000000    1.0000000 \n",
      "Processing: Frame: 56\n",
      "457\n",
      "[983.0, 60.0]\n",
      "Matches: 303 Inliers: 56.76567656765677 %, Current pose:\n",
      "   0.9901416   -0.0054690    0.1399632    4.8903812 \n",
      "   0.0053996    0.9999850    0.0008753    0.0475946 \n",
      "  -0.1399659   -0.0001110    0.9901563   67.1107146 \n",
      "   0.0000000   -0.0000000   -0.0000000    1.0000000 \n",
      "Processing: Frame: 57\n",
      "486\n",
      "[906.0, 136.0]\n",
      "Matches: 301 Inliers: 69.76744186046511 %, Current pose:\n",
      "   0.9900869   -0.0056532    0.1403426    5.0375349 \n",
      "   0.0057524    0.9999834   -0.0003015    0.0454185 \n",
      "  -0.1403386    0.0011059    0.9901030   68.1513398 \n",
      "   0.0000000   -0.0000000   -0.0000000    1.0000000 \n",
      "Processing: Frame: 58\n",
      "473\n",
      "[916.0, 291.0]\n",
      "Matches: 312 Inliers: 61.85897435897436 %, Current pose:\n",
      "   0.9900154   -0.0056636    0.1408454    5.1738153 \n",
      "   0.0056911    0.9999838    0.0002079    0.0474262 \n",
      "  -0.1408443    0.0005957    0.9900316   69.1580071 \n",
      "   0.0000000   -0.0000000   -0.0000000    1.0000000 \n",
      "Processing: Frame: 59\n",
      "507\n",
      "[883.0, 161.0]\n",
      "Matches: 310 Inliers: 60.32258064516129 %, Current pose:\n",
      "   0.9899888   -0.0065979    0.1409916    5.3147113 \n",
      "   0.0065391    0.9999782    0.0008801    0.0438624 \n",
      "  -0.1409943    0.0000506    0.9900104   70.1538115 \n",
      "   0.0000000   -0.0000000   -0.0000000    1.0000000 \n",
      "Processing: Frame: 60\n",
      "528\n",
      "[846.0, 272.0]\n",
      "Matches: 309 Inliers: 65.04854368932038 %, Current pose:\n",
      "   0.9899065   -0.0072942    0.1415341    5.4507139 \n",
      "   0.0071150    0.9999731    0.0017724    0.0434675 \n",
      "  -0.1415432   -0.0007475    0.9899318   71.1428406 \n",
      "   0.0000000   -0.0000000   -0.0000000    1.0000000 \n",
      "Processing: Frame: 61\n",
      "523\n",
      "[856.0, 176.0]\n",
      "Matches: 313 Inliers: 64.21725239616613 %, Current pose:\n",
      "   0.9898575   -0.0071660    0.1418828    5.5884089 \n",
      "   0.0069625    0.9999739    0.0019306    0.0395535 \n",
      "  -0.1418929   -0.0009232    0.9898816   72.1208723 \n",
      "   0.0000000   -0.0000000   -0.0000000    1.0000000 \n",
      "Processing: Frame: 62\n",
      "510\n",
      "[847.0, 128.0]\n",
      "Matches: 297 Inliers: 59.5959595959596 %, Current pose:\n",
      "   0.9897965   -0.0072584    0.1423029    5.7251872 \n",
      "   0.0070749    0.9999734    0.0017958    0.0343875 \n",
      "  -0.1423121   -0.0007707    0.9898215   73.0909375 \n",
      "   0.0000000   -0.0000000   -0.0000000    1.0000000 \n",
      "Processing: Frame: 63\n",
      "540\n",
      "[821.0, 272.0]\n",
      "Matches: 299 Inliers: 68.56187290969899 %, Current pose:\n",
      "   0.9897844   -0.0066910    0.1424150    5.8541598 \n",
      "   0.0065286    0.9999774    0.0016076    0.0368230 \n",
      "  -0.1424225   -0.0006615    0.9898057   74.0499909 \n",
      "   0.0000000   -0.0000000   -0.0000000    1.0000000 \n",
      "Processing: Frame: 64\n",
      "539\n",
      "[789.0, 173.0]\n",
      "Matches: 313 Inliers: 58.78594249201278 %, Current pose:\n",
      "   0.9897569   -0.0074319    0.1425694    5.9826376 \n",
      "   0.0072481    0.9999721    0.0018088    0.0272345 \n",
      "  -0.1425789   -0.0007569    0.9897832   75.0021164 \n",
      "   0.0000000   -0.0000000   -0.0000000    1.0000000 \n",
      "Processing: Frame: 65\n",
      "558\n",
      "[769.0, 124.0]\n",
      "Matches: 306 Inliers: 66.33986928104575 %, Current pose:\n",
      "   0.9898254   -0.0060908    0.1421570    6.1118501 \n",
      "   0.0059125    0.9999811    0.0016765    0.0241288 \n",
      "  -0.1421645   -0.0008189    0.9898427   75.9475841 \n",
      "   0.0000000   -0.0000000   -0.0000000    1.0000000 \n",
      "Processing: Frame: 66\n",
      "533\n",
      "[835.0, 321.0]\n",
      "Matches: 318 Inliers: 64.15094339622641 %, Current pose:\n",
      "   0.9898648   -0.0065401    0.1418623    6.2436012 \n",
      "   0.0064181    0.9999785    0.0013176    0.0215640 \n",
      "  -0.1418679   -0.0003938    0.9898855   76.8850175 \n",
      "   0.0000000   -0.0000000   -0.0000000    1.0000000 \n",
      "Processing: Frame: 67\n",
      "483\n",
      "[897.0, 121.0]\n",
      "Matches: 324 Inliers: 60.80246913580247 %, Current pose:\n",
      "   0.9899651   -0.0062550    0.1411733    6.3837875 \n",
      "   0.0061937    0.9999804    0.0008740    0.0184186 \n",
      "  -0.1411760    0.0000091    0.9899845   77.8330500 \n",
      "   0.0000000   -0.0000000   -0.0000000    1.0000000 \n",
      "Processing: Frame: 68\n",
      "489\n",
      "[876.0, 251.0]\n",
      "Matches: 308 Inliers: 61.36363636363637 %, Current pose:\n",
      "   0.9900334   -0.0054237    0.1407283    6.5123537 \n",
      "   0.0055640    0.9999843   -0.0006036    0.0189500 \n",
      "  -0.1407228    0.0013806    0.9900481   78.7644120 \n",
      "   0.0000000   -0.0000000   -0.0000000    1.0000000 \n",
      "Processing: Frame: 69\n",
      "500\n",
      "[876.0, 127.0]\n",
      "Matches: 314 Inliers: 56.68789808917197 %, Current pose:\n",
      "   0.9900896   -0.0044304    0.1403670    6.6339888 \n",
      "   0.0047326    0.9999871   -0.0018190    0.0205599 \n",
      "  -0.1403571    0.0024652    0.9900979   79.6827157 \n",
      "   0.0000000   -0.0000000   -0.0000000    1.0000000 \n",
      "Processing: Frame: 70\n",
      "476\n",
      "[902.0, 171.0]\n",
      "Matches: 301 Inliers: 61.461794019933556 %, Current pose:\n",
      "   0.9901259   -0.0037526    0.1401308    6.7597473 \n",
      "   0.0040446    0.9999902   -0.0017990    0.0198739 \n",
      "  -0.1401227    0.0023480    0.9901314   80.6045946 \n",
      "   0.0000000   -0.0000000   -0.0000000    1.0000000 \n",
      "Processing: Frame: 71\n",
      "462\n",
      "[919.0, 228.0]\n",
      "Matches: 311 Inliers: 59.80707395498392 %, Current pose:\n",
      "   0.9901875   -0.0023475    0.1397254    6.8922387 \n",
      "   0.0024082    0.9999971   -0.0002654    0.0186868 \n",
      "  -0.1397244    0.0005993    0.9901903   81.5240469 \n",
      "   0.0000000   -0.0000000   -0.0000000    1.0000000 \n",
      "Processing: Frame: 72\n",
      "487\n",
      "[872.0, 289.0]\n",
      "Matches: 311 Inliers: 59.48553054662379 %, Current pose:\n",
      "   0.9902066   -0.0017056    0.1395996    7.0102615 \n",
      "   0.0015290    0.9999979    0.0013720    0.0213012 \n",
      "  -0.1396017   -0.0011451    0.9902071   82.4294113 \n",
      "   0.0000000   -0.0000000   -0.0000000    1.0000000 \n",
      "Processing: Frame: 73\n",
      "492\n",
      "[873.0, 257.0]\n",
      "Matches: 312 Inliers: 62.5 %, Current pose:\n",
      "   0.9902650   -0.0008086    0.1391924    7.1419974 \n",
      "   0.0003707    0.9999949    0.0031716    0.0268620 \n",
      "  -0.1391942   -0.0030891    0.9902603   83.3315850 \n",
      "   0.0000000    0.0000000   -0.0000000    1.0000000 \n",
      "Processing: Frame: 74\n",
      "494\n",
      "[918.0, 269.0]\n",
      "Matches: 313 Inliers: 63.25878594249201 %, Current pose:\n",
      "   0.9903159    0.0008800    0.1388296    7.2561275 \n",
      "  -0.0014637    0.9999905    0.0041024    0.0271381 \n",
      "  -0.1388246   -0.0042659    0.9903078   84.2060128 \n",
      "   0.0000000    0.0000000   -0.0000000    1.0000000 \n",
      "Processing: Frame: 75\n",
      "481\n",
      "[915.0, 298.0]\n",
      "Matches: 310 Inliers: 65.80645161290323 %, Current pose:\n",
      "   0.9903080    0.0026667    0.1388633    7.3659841 \n",
      "  -0.0032843    0.9999857    0.0042189    0.0305216 \n",
      "  -0.1388501   -0.0046341    0.9903026   85.0749449 \n",
      "   0.0000000    0.0000000   -0.0000000    1.0000000 \n",
      "Processing: Frame: 76\n",
      "479\n",
      "[937.0, 114.0]\n",
      "Matches: 312 Inliers: 68.26923076923077 %, Current pose:\n",
      "   0.9903240    0.0041695    0.1387121    7.4763786 \n",
      "  -0.0048457    0.9999780    0.0045378    0.0350596 \n",
      "  -0.1386901   -0.0051660    0.9903224   85.9365890 \n",
      "   0.0000000    0.0000000   -0.0000000    1.0000000 \n",
      "Processing: Frame: 77\n",
      "491\n",
      "[907.0, 285.0]\n",
      "Matches: 311 Inliers: 66.2379421221865 %, Current pose:\n",
      "   0.9903292    0.0036540    0.1386894    7.5963286 \n",
      "  -0.0045299    0.9999717    0.0060008    0.0420779 \n",
      "  -0.1386636   -0.0065711    0.9903177   86.8007563 \n",
      "   0.0000000    0.0000000   -0.0000000    1.0000000 \n",
      "Processing: Frame: 78\n",
      "501\n",
      "[857.0, 148.0]\n",
      "Matches: 311 Inliers: 65.59485530546624 %, Current pose:\n",
      "   0.9903477    0.0038980    0.1385503    7.7131620 \n",
      "  -0.0051034    0.9999521    0.0083462    0.0464508 \n",
      "  -0.1385111   -0.0089727    0.9903202   87.6542926 \n",
      "   0.0000000    0.0000000   -0.0000000    1.0000000 \n",
      "Processing: Frame: 79\n",
      "515\n",
      "[798.0, 25.0]\n",
      "Matches: 317 Inliers: 72.55520504731861 %, Current pose:\n",
      "   0.9903836    0.0031646    0.1383125    7.8288607 \n",
      "  -0.0046079    0.9999382    0.0101160    0.0453229 \n",
      "  -0.1382720   -0.0106560    0.9903370   88.4962161 \n",
      "   0.0000000    0.0000000   -0.0000000    1.0000000 \n",
      "Processing: Frame: 80\n",
      "527\n",
      "[817.0, 205.0]\n",
      "Matches: 321 Inliers: 61.059190031152646 %, Current pose:\n",
      "   0.9904156    0.0036718    0.1380707    7.9343826 \n",
      "  -0.0051119    0.9999362    0.0100770    0.0542583 \n",
      "  -0.1380249   -0.0106862    0.9903711   89.3197117 \n",
      "   0.0000000    0.0000000   -0.0000000    1.0000000 \n",
      "Processing: Frame: 81\n",
      "531\n",
      "[804.0, 184.0]\n",
      "Matches: 313 Inliers: 68.370607028754 %, Current pose:\n",
      "   0.9904437    0.0016762    0.1379075    8.0418200 \n",
      "  -0.0030790    0.9999457    0.0099593    0.0585406 \n",
      "  -0.1378833   -0.0102888    0.9903950   90.1281479 \n",
      "   0.0000000    0.0000000   -0.0000000    1.0000000 \n",
      "Processing: Frame: 82\n",
      "527\n",
      "[815.0, 263.0]\n",
      "Matches: 319 Inliers: 69.90595611285266 %, Current pose:\n",
      "   0.9904799   -0.0000760    0.1376573    8.1507036 \n",
      "  -0.0012972    0.9999503    0.0098853    0.0613699 \n",
      "  -0.1376513   -0.0099698    0.9904306   90.9395034 \n",
      "   0.0000000    0.0000000   -0.0000000    1.0000000 \n",
      "Processing: Frame: 83\n",
      "547\n",
      "[778.0, 140.0]\n",
      "Matches: 331 Inliers: 62.83987915407855 %, Current pose:\n",
      "   0.9905352    0.0005077    0.1372583    8.2551624 \n",
      "  -0.0017103    0.9999612    0.0086440    0.0698202 \n",
      "  -0.1372485   -0.0087970    0.9904976   91.7370877 \n",
      "   0.0000000    0.0000000   -0.0000000    1.0000000 \n",
      "Processing: Frame: 84\n",
      "536\n",
      "[842.0, 109.0]\n",
      "Matches: 328 Inliers: 63.71951219512195 %, Current pose:\n",
      "   0.9905679   -0.0002808    0.1370224    8.3603679 \n",
      "  -0.0007574    0.9999714    0.0075249    0.0806495 \n",
      "  -0.1370206   -0.0075577    0.9905394   92.5236387 \n",
      "   0.0000000    0.0000000   -0.0000000    1.0000000 \n",
      "Processing: Frame: 85\n",
      "561\n",
      "[796.0, 271.0]\n",
      "Matches: 320 Inliers: 64.6875 %, Current pose:\n",
      "   0.9906850   -0.0009568    0.1361698    8.4687242 \n",
      "  -0.0000164    0.9999745    0.0071453    0.0853979 \n",
      "  -0.1361732   -0.0070810    0.9906597   93.2994748 \n",
      "   0.0000000    0.0000000   -0.0000000    1.0000000 \n",
      "Processing: Frame: 86\n",
      "560\n",
      "[793.0, 71.0]\n",
      "Matches: 316 Inliers: 64.24050632911393 %, Current pose:\n",
      "   0.9907481   -0.0018040    0.1357018    8.5791014 \n",
      "   0.0008302    0.9999735    0.0072324    0.0919592 \n",
      "  -0.1357112   -0.0070529    0.9907233   94.0754066 \n",
      "   0.0000000    0.0000000   -0.0000000    1.0000000 \n",
      "Processing: Frame: 87\n",
      "559\n",
      "[778.0, 257.0]\n",
      "Matches: 332 Inliers: 70.48192771084338 %, Current pose:\n",
      "   0.9907796   -0.0022790    0.1354646    8.6765667 \n",
      "   0.0012088    0.9999674    0.0079822    0.0955237 \n",
      "  -0.1354784   -0.0077448    0.9907500   94.8237278 \n",
      "   0.0000000    0.0000000   -0.0000000    1.0000000 \n",
      "Processing: Frame: 88\n",
      "564\n",
      "[773.0, 220.0]\n",
      "Matches: 327 Inliers: 67.2782874617737 %, Current pose:\n",
      "   0.9908591   -0.0028209    0.1348714    8.7734712 \n",
      "   0.0016724    0.9999614    0.0086276    0.0984295 \n",
      "  -0.1348905   -0.0083231    0.9908255   95.5597530 \n",
      "   0.0000000    0.0000000   -0.0000000    1.0000000 \n",
      "Processing: Frame: 89\n",
      "588\n",
      "[753.0, 118.0]\n",
      "Matches: 332 Inliers: 65.66265060240964 %, Current pose:\n",
      "   0.9909058   -0.0038437    0.1345025    8.8702404 \n",
      "   0.0027466    0.9999614    0.0083407    0.0997610 \n",
      "  -0.1345293   -0.0078954    0.9908782   96.2748500 \n",
      "   0.0000000    0.0000000   -0.0000000    1.0000000 \n",
      "Processing: Frame: 90\n",
      "574\n",
      "[746.0, 141.0]\n",
      "Matches: 303 Inliers: 66.00660066006601 %, Current pose:\n",
      "   0.9909596   -0.0029587    0.1341280    8.9655211 \n",
      "   0.0018884    0.9999654    0.0081062    0.1000703 \n",
      "  -0.1341473   -0.0077796    0.9909309   96.9911235 \n",
      "   0.0000000    0.0000000   -0.0000000    1.0000000 \n",
      "Processing: Frame: 91\n",
      "616\n",
      "[747.0, 53.0]\n",
      "Matches: 317 Inliers: 60.88328075709779 %, Current pose:\n",
      "   0.9909446   -0.0029208    0.1342395    9.0564305 \n",
      "   0.0018586    0.9999660    0.0080372    0.1044588 \n",
      "  -0.1342584   -0.0077149    0.9909163   97.6948827 \n",
      "   0.0000000    0.0000000   -0.0000000    1.0000000 \n",
      "Processing: Frame: 92\n",
      "596\n",
      "[772.0, 183.0]\n",
      "Matches: 338 Inliers: 67.45562130177515 %, Current pose:\n",
      "   0.9908469   -0.0041792    0.1349254    9.1529509 \n",
      "   0.0030275    0.9999572    0.0087399    0.1140640 \n",
      "  -0.1349562   -0.0082514    0.9908172   98.4026316 \n",
      "   0.0000000    0.0000000   -0.0000000    1.0000000 \n",
      "Processing: Frame: 93\n",
      "610\n",
      "[751.0, 243.0]\n",
      "Matches: 329 Inliers: 67.78115501519757 %, Current pose:\n",
      "   0.9907412   -0.0042890    0.1356963    9.2427138 \n",
      "   0.0029248    0.9999432    0.0102513    0.1177648 \n",
      "  -0.1357326   -0.0097595    0.9906974   99.0887198 \n",
      "   0.0000000    0.0000000   -0.0000000    1.0000000 \n",
      "Processing: Frame: 94\n",
      "583\n",
      "[799.0, 313.0]\n",
      "Matches: 327 Inliers: 69.72477064220183 %, Current pose:\n",
      "   0.9905971   -0.0053218    0.1367077    9.3355487 \n",
      "   0.0038152    0.9999291    0.0112805    0.1224043 \n",
      "  -0.1367580   -0.0106529    0.9905472   99.7636489 \n",
      "   0.0000000    0.0000000   -0.0000000    1.0000000 \n",
      "Processing: Frame: 95\n",
      "629\n",
      "[784.0, 349.0]\n",
      "Matches: 324 Inliers: 67.5925925925926 %, Current pose:\n",
      "   0.9905306   -0.0046522    0.1372135    9.4235901 \n",
      "   0.0030001    0.9999205    0.0122445    0.1223605 \n",
      "  -0.1372595   -0.0117169    0.9904658  100.4154213 \n",
      "   0.0000000    0.0000000   -0.0000000    1.0000000 \n",
      "Processing: Frame: 96\n",
      "638\n",
      "[757.0, 136.0]\n",
      "Matches: 323 Inliers: 71.82662538699691 %, Current pose:\n",
      "   0.9903953   -0.0042910    0.1381984    9.5030127 \n",
      "   0.0025676    0.9999167    0.0126459    0.1326969 \n",
      "  -0.1382411   -0.0121696    0.9903238  101.0596077 \n",
      "   0.0000000    0.0000000   -0.0000000    1.0000000 \n",
      "Processing: Frame: 97\n",
      "680\n",
      "[681.0, 276.0]\n",
      "Matches: 330 Inliers: 66.96969696969697 %, Current pose:\n",
      "   0.9902397   -0.0059847    0.1392464    9.5925307 \n",
      "   0.0041922    0.9999046    0.0131622    0.1403041 \n",
      "  -0.1393118   -0.0124500    0.9901703  101.7061094 \n",
      "   0.0000000    0.0000000   -0.0000000    1.0000000 \n",
      "Processing: Frame: 98\n",
      "681\n",
      "[696.0, 259.0]\n",
      "Matches: 320 Inliers: 69.375 %, Current pose:\n",
      "   0.9901119   -0.0076960    0.1400687    9.6853343 \n",
      "   0.0059021    0.9998952    0.0132182    0.1508549 \n",
      "  -0.1401557   -0.0122608    0.9900536  102.3343978 \n",
      "   0.0000000    0.0000000   -0.0000000    1.0000000 \n",
      "Processing: Frame: 99\n",
      "663\n",
      "[721.0, 256.0]\n",
      "Matches: 318 Inliers: 74.21383647798743 %, Current pose:\n",
      "   0.9899891   -0.0088994    0.1408627    9.7716830 \n",
      "   0.0070049    0.9998783    0.0139393    0.1588960 \n",
      "  -0.1409696   -0.0128130    0.9899310  102.9490576 \n",
      "   0.0000000    0.0000000   -0.0000000    1.0000000 \n",
      "Processing: Frame: 100\n",
      "602\n",
      "[796.0, 245.0]\n",
      "Matches: 326 Inliers: 73.00613496932516 %, Current pose:\n",
      "   0.9899141   -0.0095906    0.1413439    9.8623688 \n",
      "   0.0075675    0.9998612    0.0148440    0.1666686 \n",
